4294967279,458
4294967279,0
4294967279,282
4294967279,456
4294967279,280
4294967279,278
4294967279,442
4294967279,441
4294967279,258
4294967279,440
4294967279,257
4294967294,31
4294967279,438
4294967294,30
4294967278,132
4294967278,131
4294967278,130
4294967278,129
4294967278,128
4294967278,127
4294967278,126
4294967278,125
4294967278,124
4294967278,123
4294967278,122
4294967278,121
4294967278,120
4294967278,119
4294967278,118
4294967278,117
4294967278,116
4294967278,115
4294967278,114
4294967278,113
4294967278,112
4294967278,111
4294967278,110
4294967278,109
4294967278,108
4294967278,107
4294967278,106
4294967278,105
4294967278,104
4294967278,103
4294967278,102
4294967278,101
4294967278,100
4294967278,99
4294967278,98
4294967278,97
4294967278,96
4294967278,95
4294967278,94
4294967278,93
4294967278,92
4294967278,91
4294967278,90
4294967278,89
4294967278,87
4294967278,86
4294967278,85
4294967278,84
4294967278,83
4294967278,82
4294967278,81
4294967278,80
4294967278,79
4294967278,78
4294967278,77
4294967278,76
4294967278,75
4294967278,74
4294967278,73
4294967278,72
4294967278,71
4294967278,70
4294967278,69
4294967278,68
4294967278,67
4294967278,66
4294967278,65
4294967278,64
4294967279,437
4294967279,436
4294967279,253
4294967279,91
4294967279,90
4294967279,83
4294967279,82
4294967279,81
4294967279,72
4294967279,71
4294967279,70
4294967279,69
4294967279,68
4294967279,66
4294967279,63
4294967279,60
4294967279,55
4294967279,52
4294967279,50
4294967279,47
4294967279,42
4294967279,39
4294967279,36
4294967279,34
4294967279,32
4294967279,27
4294967279,24
4294967279,13
4294967279,10
4294967279,9
4294967279,251
4294967279,8
4294967279,7
4294967279,222
4294967279,6
4294967279,5
4294967279,4
4294967279,432
4294967279,431
11,4
4294967279,430
4294967279,429
4294967279,428
4294967279,427
4294967279,163
4294967279,160
4294967278,149
4294967279,145
4294967279,267
4294967278,392
4294967279,302
4294967279,439
4294967279,249
4294967279,247
4294967279,245
0,5
4294967279,243
4294967279,241
4294967279,239
4294967293,131
4294967293,130
4294967293,129
4294967293,128
4294967293,127
4294967293,126
4294967293,125
4294967293,124
4294967293,123
4294967293,122
4294967293,121
4294967293,120
4294967293,119
4294967293,118
4294967293,117
4294967293,116
4294967293,115
4294967293,114
4294967293,113
4294967293,112
4294967293,111
4294967293,110
4294967293,109
4294967293,108
4294967293,107
4294967293,106
4294967293,105
4294967293,104
4294967293,103
4294967293,102
4294967293,101
4294967293,100
4294967293,99
4294967293,98
4294967293,97
4294967293,96
4294967293,95
4294967293,94
4294967293,93
4294967293,92
4294967293,91
4294967293,90
4294967293,89
4294967279,434
4294967279,236
4294967279,234
4294967279,232
4294967293,87
4294967293,86
4294967293,85
4294967293,84
4294967293,83
4294967293,82
4294967293,81
4294967293,80
4294967293,79
4294967293,78
4294967293,77
4294967293,76
4294967293,75
4294967293,74
4294967293,73
4294967293,72
4294967293,71
4294967293,70
4294967293,69
4294967293,68
4294967293,67
4294967293,66
4294967293,65
4294967293,64
4294967293,63
4294967293,62
4294967293,61
4294967293,60
4294967293,59
4294967293,58
4294967293,57
4294967293,56
4294967293,55
4294967293,54
4294967293,53
4294967293,52
4294967293,51
4294967293,50
4294967293,49
4294967293,48
4294967293,47
4294967293,46
4294967293,45
4294967293,44
4294967293,43
4294967293,42
4294967293,41
4294967293,40
4294967293,39
4294967293,38
4294967293,37
4294967293,36
4294967293,35
4294967293,34
4294967293,33
4294967293,32
4294967293,31
4294967293,30
4294967293,29
4294967293,28
4294967293,27
4294967293,26
4294967293,25
4294967293,24
4294967293,23
4294967293,22
4294967293,21
4294967293,20
4294967293,19
4294967293,18
4294967293,17
4294967293,16
4294967293,15
4294967293,14
4294967293,13
4294967293,12
4294967293,11
4294967293,10
4294967293,9
4294967293,8
4294967293,7
4294967293,6
4294967293,5
4294967293,4
4294967293,3
4294967279,99
4294967279,98
4294967279,97
4294967279,96
4294967279,95
4294967279,94
4294967279,93
4294967279,92
4294967279,230
4294967279,228
4294967279,226
4294967278,223
4294967279,224
4294967279,220
4294967294,1423
4294967279,457
4294967279,216
11,3
5,3
3,3
9,3
4294967279,433
4294967279,214
4294967278,212
4294967279,213
4294967279,298
4294967278,211
4294967279,212
4294967278,210
4294967278,209
4294967278,206
13,6
4294967278,208
13,5
13,4
4294967278,207
13,3
13,2
13,1
4294967279,197
4294967279,190
2,2
4294967278,177
4294967278,161
4294967278,159
4294967278,154
4294967279,149
4294967278,141
4294967279,100
